02001021
02001021
02001021
02001021
02001021
02001021
02001021
02001021
02001021
02001021
02001021
02001021
02001021
02001021
02001021
02001021
02001021
02001021
02001021
02001021
02001021
02001021
02001021
02001021
02001021
02001021
02001021
02001021
02001021
02001021
02001021
02001021
02001021
02001021
02001021
02001021
02001021
02001021
02001021
02001021
02001021
02001021
02001021
02001021
02001021
02001021
02001021
02001021
02001021
02001021
02001021
02001021
02001021
02001021
02001021
02001021
02001021
02001021
02001021
